 Matrices Size:            4  x            4
 ORIGINAL MATRIX:
 Trace:                (3.3852834927052009,1.6931854943464133)
 Elements:
( 0.4656, 0.1008) ( 0.8419, 0.7738) ( 0.1804, 0.8449) ( 0.0560, 0.0689)
( 0.4241, 0.2079) ( 0.9970, 0.8511) ( 0.0822, 0.4095) ( 0.9836, 0.6024)
( 0.8921, 0.6702) ( 0.9232, 0.3046) ( 0.9605, 0.3490) ( 0.1241, 0.9310)
( 0.8789, 0.6195) ( 0.6384, 0.2237) ( 0.3208, 0.4804) ( 0.9621, 0.3923)

 ADJOINT MATRIX:
 Trace:               (3.3852834927052009,-1.6931854943464133)
 Elements:
( 0.4656,-0.1008) ( 0.4241,-0.2079) ( 0.8921,-0.6702) ( 0.8789,-0.6195)
( 0.8419,-0.7738) ( 0.9970,-0.8511) ( 0.9232,-0.3046) ( 0.6384,-0.2237)
( 0.1804,-0.8449) ( 0.0822,-0.4095) ( 0.9605,-0.3490) ( 0.3208,-0.4804)
( 0.0560,-0.0689) ( 0.9836,-0.6024) ( 0.1241,-0.9310) ( 0.9621,-0.3923)
