MATMUL
0.000311
0.000758
0.002894
0.005879
0.013237
0.027764
0.037572
0.042858
0.059203
0.07398
0.089558
0.112252
0.144984
0.158733
0.261418
0.259889
0.306277
0.362208
0.401453
0.531624
0.622672
0.614989
0.732366
0.83532
0.964514
1.147907
1.178459
1.303388
1.634329
1.696736
1.886587
2.004624
2.208602
2.413275
2.607414
2.879165
3.135335
3.433603
3.639877
3.911726
4.314966
4.660064
4.817848
5.187299
5.594066
5.995126
6.422104
6.721805
7.707559
7.631993
8.046982
8.569464
9.566163
9.746958
10.580359
12.186123
12.551524
14.213767
19.784174
17.157479
16.321205
18.221685
17.864651
18.833205
21.402893
23.059475
22.609499
23.272415
22.127342
26.229501
28.352024
28.527885
29.249722
30.472832
33.227721
32.548972
36.240847
33.161288
32.968429
34.137954
38.528313
43.312841
50.696094
51.648658
40.469395
40.727388
40.797434
48.28061
51.988928
46.805586
48.607812
52.231586
53.185777
59.984078
67.46696
69.410169
60.481653
62.565285
66.100549
70.155769
